    792 0 3 1 2 - 1 2 0 3 - 3 1 2 0 - 2 0 3 1 - 
    792 2 0 1 3 - 1 3 2 0 - 3 2 0 1 - 0 1 3 2 - 
    805 2 3 1 0 - 0 1 3 2 - 1 0 2 3 - 3 2 0 1 - 
    805 3 1 0 2 - 0 2 3 1 - 2 3 1 0 - 1 0 2 3 - 
    807 0 2 1 3 - 1 3 0 2 - 2 1 3 0 - 3 0 2 1 - 
    811 1 3 0 2 - 0 2 1 3 - 3 0 2 1 - 2 1 3 0 - 
    814 2 0 3 1 - 3 1 2 0 - 1 3 0 2 - 0 2 1 3 - 
    814 3 0 2 1 - 1 2 0 3 - 2 1 3 0 - 0 3 1 2 - 
    815 2 0 3 1 - 3 1 2 0 - 1 2 0 3 - 0 3 1 2 - 
    817 1 0 3 2 - 2 3 0 1 - 0 1 2 3 - 3 2 1 0 - 
    819 3 0 2 1 - 2 1 3 0 - 1 2 0 3 - 0 3 1 2 - 
    820 3 1 2 0 - 0 2 1 3 - 1 3 0 2 - 2 0 3 1 - 
    821 1 2 3 0 - 0 3 2 1 - 3 0 1 2 - 2 1 0 3 - 
    821 3 0 1 2 - 1 2 3 0 - 0 3 2 1 - 2 1 0 3 - 
    822 3 0 2 1 - 2 1 3 0 - 0 3 1 2 - 1 2 0 3 - 
    824 0 1 3 2 - 2 3 1 0 - 3 2 0 1 - 1 0 2 3 - 
    825 1 2 3 0 - 0 3 2 1 - 2 1 0 3 - 3 0 1 2 - 
    827 2 1 3 0 - 3 0 2 1 - 0 2 1 3 - 1 3 0 2 - 
    828 0 1 2 3 - 3 2 1 0 - 2 0 3 1 - 1 3 0 2 - 
    828 1 2 3 0 - 0 3 2 1 - 3 1 0 2 - 2 0 1 3 - 
    829 3 2 1 0 - 0 1 2 3 - 1 3 0 2 - 2 0 3 1 - 
    830 0 2 1 3 - 1 3 0 2 - 3 1 2 0 - 2 0 3 1 - 
    830 2 1 3 0 - 0 3 1 2 - 1 0 2 3 - 3 2 0 1 - 
    830 2 3 1 0 - 1 0 2 3 - 0 1 3 2 - 3 2 0 1 - 
    831 2 3 1 0 - 0 1 3 2 - 1 2 0 3 - 3 0 2 1 - 
    832 0 3 2 1 - 1 2 3 0 - 3 0 1 2 - 2 1 0 3 - 
    834 0 3 1 2 - 1 2 0 3 - 2 1 3 0 - 3 0 2 1 - 
    834 1 3 2 0 - 2 0 1 3 - 3 1 0 2 - 0 2 3 1 - 
    834 3 0 1 2 - 2 1 0 3 - 0 3 2 1 - 1 2 3 0 - 
    834 3 1 2 0 - 2 0 3 1 - 0 2 1 3 - 1 3 0 2 - 
    836 3 2 1 0 - 1 0 3 2 - 2 3 0 1 - 0 1 2 3 - 
    837 1 0 3 2 - 3 2 1 0 - 0 1 2 3 - 2 3 0 1 - 
    837 2 3 1 0 - 1 0 2 3 - 3 2 0 1 - 0 1 3 2 - 
    838 1 2 0 3 - 0 3 1 2 - 3 0 2 1 - 2 1 3 0 - 
    838 1 3 0 2 - 2 0 3 1 - 3 2 1 0 - 0 1 2 3 - 
    838 2 3 0 1 - 1 0 3 2 - 3 2 1 0 - 0 1 2 3 - 
    839 0 1 2 3 - 2 3 0 1 - 3 0 1 2 - 1 2 3 0 - 
    839 3 1 0 2 - 2 0 1 3 - 1 2 3 0 - 0 3 2 1 - 
    840 3 0 2 1 - 1 2 0 3 - 2 3 1 0 - 0 1 3 2 - 
    841 0 3 2 1 - 2 1 0 3 - 1 2 3 0 - 3 0 1 2 - 
    843 2 1 0 3 - 3 0 1 2 - 0 3 2 1 - 1 2 3 0 - 
    844 0 2 1 3 - 3 1 2 0 - 1 0 3 2 - 2 3 0 1 - 
    844 2 3 1 0 - 1 0 2 3 - 0 2 3 1 - 3 1 0 2 - 
    845 1 0 2 3 - 3 2 0 1 - 0 1 3 2 - 2 3 1 0 - 
    845 1 2 0 3 - 0 3 1 2 - 3 1 2 0 - 2 0 3 1 - 
    845 3 2 1 0 - 1 0 3 2 - 0 1 2 3 - 2 3 0 1 - 
    845 3 2 1 0 - 1 0 3 2 - 0 3 2 1 - 2 1 0 3 - 
    846 0 2 3 1 - 3 1 0 2 - 1 3 2 0 - 2 0 1 3 - 
    846 1 2 3 0 - 3 0 1 2 - 0 3 2 1 - 2 1 0 3 - 
    846 3 0 1 2 - 2 1 0 3 - 1 2 3 0 - 0 3 2 1 - 
    847 0 2 1 3 - 1 3 0 2 - 2 0 3 1 - 3 1 2 0 - 
    847 1 0 3 2 - 3 2 1 0 - 2 3 0 1 - 0 1 2 3 - 
    847 2 1 0 3 - 3 0 1 2 - 1 2 3 0 - 0 3 2 1 - 
    847 3 0 1 2 - 1 2 3 0 - 0 1 2 3 - 2 3 0 1 - 
    847 3 1 2 0 - 2 0 3 1 - 0 3 1 2 - 1 2 0 3 - 
    848 0 1 3 2 - 3 2 0 1 - 1 0 2 3 - 2 3 1 0 - 
    848 1 3 2 0 - 0 2 3 1 - 2 1 0 3 - 3 0 1 2 - 
    848 3 0 2 1 - 1 2 0 3 - 0 3 1 2 - 2 1 3 0 - 
    849 0 2 1 3 - 3 1 2 0 - 1 3 0 2 - 2 0 3 1 - 
    849 0 3 1 2 - 1 2 0 3 - 2 0 3 1 - 3 1 2 0 - 
    849 1 2 3 0 - 3 0 1 2 - 2 1 0 3 - 0 3 2 1 - 
    849 1 3 0 2 - 0 2 1 3 - 2 1 3 0 - 3 0 2 1 - 
    849 1 3 2 0 - 2 0 1 3 - 3 2 0 1 - 0 1 3 2 - 
    850 0 1 2 3 - 3 2 1 0 - 1 3 0 2 - 2 0 3 1 - 
    851 0 3 1 2 - 2 1 3 0 - 3 0 2 1 - 1 2 0 3 - 
    851 0 3 2 1 - 2 1 0 3 - 1 0 3 2 - 3 2 1 0 - 
    852 1 3 0 2 - 2 0 3 1 - 0 2 1 3 - 3 1 2 0 - 
    853 0 1 3 2 - 3 2 0 1 - 2 0 1 3 - 1 3 2 0 - 
    853 1 3 0 2 - 2 0 3 1 - 3 1 2 0 - 0 2 1 3 - 
    854 1 2 3 0 - 0 3 2 1 - 2 0 1 3 - 3 1 0 2 - 
    855 1 0 2 3 - 2 3 1 0 - 3 2 0 1 - 0 1 3 2 - 
    855 2 3 0 1 - 0 1 2 3 - 3 2 1 0 - 1 0 3 2 - 
    855 3 2 0 1 - 0 1 3 2 - 2 3 1 0 - 1 0 2 3 - 
    856 1 0 2 3 - 2 3 1 0 - 3 1 0 2 - 0 2 3 1 - 
    856 2 1 3 0 - 0 3 1 2 - 3 0 2 1 - 1 2 0 3 - 
    856 3 1 0 2 - 0 2 3 1 - 1 0 2 3 - 2 3 1 0 - 
    857 0 1 3 2 - 3 2 0 1 - 1 3 2 0 - 2 0 1 3 - 
    857 1 0 3 2 - 3 2 1 0 - 2 1 0 3 - 0 3 2 1 - 
    857 2 0 1 3 - 3 1 0 2 - 0 2 3 1 - 1 3 2 0 - 
    857 2 1 0 3 - 0 3 2 1 - 1 2 3 0 - 3 0 1 2 - 
    857 2 3 0 1 - 0 1 2 3 - 1 2 3 0 - 3 0 1 2 - 
    858 2 3 1 0 - 0 1 3 2 - 3 0 2 1 - 1 2 0 3 - 
    859 0 1 2 3 - 2 3 0 1 - 1 2 3 0 - 3 0 1 2 - 
    859 1 2 0 3 - 0 3 1 2 - 2 1 3 0 - 3 0 2 1 - 
    859 2 0 3 1 - 1 3 0 2 - 3 1 2 0 - 0 2 1 3 - 
    860 1 2 0 3 - 3 0 2 1 - 2 3 1 0 - 0 1 3 2 - 
    861 2 0 1 3 - 3 1 0 2 - 0 3 2 1 - 1 2 3 0 - 
    861 2 1 0 3 - 3 0 1 2 - 0 2 3 1 - 1 3 2 0 - 
    862 0 1 2 3 - 2 3 0 1 - 1 0 3 2 - 3 2 1 0 - 
    862 1 0 2 3 - 3 2 0 1 - 0 3 1 2 - 2 1 3 0 - 
    862 2 0 1 3 - 1 3 2 0 - 0 1 3 2 - 3 2 0 1 - 
    862 3 0 1 2 - 2 1 0 3 - 0 2 3 1 - 1 3 2 0 - 
    862 3 1 0 2 - 0 2 3 1 - 1 3 2 0 - 2 0 1 3 - 
    863 2 0 1 3 - 3 1 0 2 - 1 3 2 0 - 0 2 3 1 - 
    865 1 0 2 3 - 3 2 0 1 - 2 1 3 0 - 0 3 1 2 - 
    865 3 2 1 0 - 1 0 3 2 - 2 1 0 3 - 0 3 2 1 - 
    867 2 3 0 1 - 1 0 3 2 - 0 2 1 3 - 3 1 2 0 - 
    869 0 1 3 2 - 3 2 0 1 - 2 3 1 0 - 1 0 2 3 - 
    869 0 3 1 2 - 2 1 3 0 - 1 0 2 3 - 3 2 0 1 - 
    870 0 2 3 1 - 3 1 0 2 - 2 0 1 3 - 1 3 2 0 - 
    870 3 0 2 1 - 1 2 0 3 - 0 1 3 2 - 2 3 1 0 - 
    870 3 2 1 0 - 0 1 2 3 - 2 3 0 1 - 1 0 3 2 - 
    871 0 2 1 3 - 3 1 2 0 - 2 3 0 1 - 1 0 3 2 - 
    871 2 0 1 3 - 1 3 2 0 - 0 2 3 1 - 3 1 0 2 - 
    872 0 2 3 1 - 3 1 0 2 - 2 3 1 0 - 1 0 2 3 - 
    872 1 3 0 2 - 2 0 3 1 - 0 1 2 3 - 3 2 1 0 - 
    873 0 2 3 1 - 3 1 0 2 - 1 0 2 3 - 2 3 1 0 - 
    873 1 3 2 0 - 2 0 1 3 - 0 1 3 2 - 3 2 0 1 - 
    873 2 0 3 1 - 3 1 2 0 - 0 2 1 3 - 1 3 0 2 - 
    874 1 0 3 2 - 3 2 1 0 - 0 3 2 1 - 2 1 0 3 - 
    874 2 3 1 0 - 0 1 3 2 - 3 2 0 1 - 1 0 2 3 - 
    875 1 0 3 2 - 2 3 0 1 - 3 2 1 0 - 0 1 2 3 - 
    875 2 1 3 0 - 3 0 2 1 - 0 3 1 2 - 1 2 0 3 - 
    875 3 2 0 1 - 1 0 2 3 - 0 3 1 2 - 2 1 3 0 - 
    876 0 2 1 3 - 3 1 2 0 - 2 0 3 1 - 1 3 0 2 - 
    876 2 0 3 1 - 3 1 2 0 - 0 3 1 2 - 1 2 0 3 - 
    878 1 3 0 2 - 0 2 1 3 - 3 1 2 0 - 2 0 3 1 - 
    878 1 3 2 0 - 0 2 3 1 - 3 1 0 2 - 2 0 1 3 - 
    878 3 1 2 0 - 0 2 1 3 - 2 0 3 1 - 1 3 0 2 - 
    879 0 1 3 2 - 2 3 1 0 - 1 0 2 3 - 3 2 0 1 - 
    879 0 3 1 2 - 2 1 3 0 - 3 2 0 1 - 1 0 2 3 - 
    879 1 2 3 0 - 3 0 1 2 - 0 1 2 3 - 2 3 0 1 - 
    879 2 0 3 1 - 1 3 0 2 - 3 2 1 0 - 0 1 2 3 - 
    879 2 1 3 0 - 3 0 2 1 - 1 2 0 3 - 0 3 1 2 - 
    880 3 2 1 0 - 0 1 2 3 - 1 0 3 2 - 2 3 0 1 - 
    881 0 2 1 3 - 1 3 0 2 - 3 0 2 1 - 2 1 3 0 - 
    883 0 3 1 2 - 1 2 0 3 - 3 0 2 1 - 2 1 3 0 - 
    883 1 0 3 2 - 2 3 0 1 - 0 2 1 3 - 3 1 2 0 - 
    883 2 0 3 1 - 1 3 0 2 - 0 1 2 3 - 3 2 1 0 - 
    884 1 3 0 2 - 0 2 1 3 - 2 0 3 1 - 3 1 2 0 - 
    884 3 2 1 0 - 0 1 2 3 - 2 0 3 1 - 1 3 0 2 - 
    885 0 3 2 1 - 2 1 0 3 - 3 2 1 0 - 1 0 3 2 - 
    886 3 0 2 1 - 2 1 3 0 - 0 2 1 3 - 1 3 0 2 - 
    887 0 3 2 1 - 2 1 0 3 - 3 0 1 2 - 1 2 3 0 - 
    887 1 3 2 0 - 0 2 3 1 - 2 0 1 3 - 3 1 0 2 - 
    888 0 3 1 2 - 2 1 3 0 - 1 2 0 3 - 3 0 2 1 - 
    888 1 2 0 3 - 3 0 2 1 - 0 1 3 2 - 2 3 1 0 - 
    888 3 2 0 1 - 1 0 2 3 - 0 1 3 2 - 2 3 1 0 - 
    889 0 1 2 3 - 3 2 1 0 - 1 0 3 2 - 2 3 0 1 - 
    889 0 2 3 1 - 1 3 2 0 - 3 1 0 2 - 2 0 1 3 - 
    889 1 0 2 3 - 2 3 1 0 - 0 1 3 2 - 3 2 0 1 - 
    889 1 3 2 0 - 2 0 1 3 - 0 2 3 1 - 3 1 0 2 - 
    889 2 0 3 1 - 1 3 0 2 - 0 2 1 3 - 3 1 2 0 - 
    889 3 1 2 0 - 0 2 1 3 - 1 0 3 2 - 2 3 0 1 - 
    890 0 2 3 1 - 1 3 2 0 - 2 1 0 3 - 3 0 1 2 - 
    891 0 1 2 3 - 3 2 1 0 - 2 3 0 1 - 1 0 3 2 - 
    891 0 1 3 2 - 2 3 1 0 - 3 0 2 1 - 1 2 0 3 - 
    891 1 2 0 3 - 3 0 2 1 - 2 1 3 0 - 0 3 1 2 - 
    891 2 3 0 1 - 1 0 3 2 - 3 1 2 0 - 0 2 1 3 - 
    891 3 2 0 1 - 0 1 3 2 - 2 0 1 3 - 1 3 2 0 - 
    892 2 3 0 1 - 0 1 2 3 - 1 0 3 2 - 3 2 1 0 - 
    892 3 1 0 2 - 2 0 1 3 - 1 3 2 0 - 0 2 3 1 - 
    894 1 0 2 3 - 3 2 0 1 - 2 3 1 0 - 0 1 3 2 - 
    894 1 2 3 0 - 3 0 1 2 - 2 3 0 1 - 0 1 2 3 - 
    895 3 1 0 2 - 2 0 1 3 - 0 2 3 1 - 1 3 2 0 - 
    895 3 1 2 0 - 0 2 1 3 - 2 3 0 1 - 1 0 3 2 - 
    896 2 1 3 0 - 0 3 1 2 - 1 2 0 3 - 3 0 2 1 - 
    896 3 1 0 2 - 0 2 3 1 - 2 0 1 3 - 1 3 2 0 - 
    897 2 3 0 1 - 0 1 2 3 - 3 0 1 2 - 1 2 3 0 - 
    897 3 0 2 1 - 2 1 3 0 - 1 3 0 2 - 0 2 1 3 - 
    897 3 1 2 0 - 2 0 3 1 - 1 2 0 3 - 0 3 1 2 - 
    898 2 1 0 3 - 0 3 2 1 - 1 0 3 2 - 3 2 1 0 - 
    898 3 2 0 1 - 1 0 2 3 - 2 3 1 0 - 0 1 3 2 - 
    899 0 1 3 2 - 2 3 1 0 - 1 2 0 3 - 3 0 2 1 - 
    899 3 0 1 2 - 1 2 3 0 - 2 1 0 3 - 0 3 2 1 - 
    900 1 2 0 3 - 3 0 2 1 - 0 3 1 2 - 2 1 3 0 - 
    901 0 2 3 1 - 1 3 2 0 - 2 0 1 3 - 3 1 0 2 - 
    901 0 2 3 1 - 1 3 2 0 - 3 0 1 2 - 2 1 0 3 - 
    901 1 3 2 0 - 0 2 3 1 - 3 0 1 2 - 2 1 0 3 - 
    901 2 1 0 3 - 0 3 2 1 - 3 2 1 0 - 1 0 3 2 - 
    902 2 3 1 0 - 1 0 2 3 - 3 1 0 2 - 0 2 3 1 - 
    903 0 3 2 1 - 1 2 3 0 - 2 1 0 3 - 3 0 1 2 - 
    904 2 0 1 3 - 3 1 0 2 - 1 2 3 0 - 0 3 2 1 - 
    904 2 1 0 3 - 0 3 2 1 - 3 0 1 2 - 1 2 3 0 - 
    904 2 1 0 3 - 3 0 1 2 - 1 3 2 0 - 0 2 3 1 - 
    906 3 0 1 2 - 1 2 3 0 - 2 3 0 1 - 0 1 2 3 - 
    907 3 1 2 0 - 2 0 3 1 - 1 3 0 2 - 0 2 1 3 - 
    908 1 2 0 3 - 0 3 1 2 - 2 0 3 1 - 3 1 2 0 - 
    908 2 1 3 0 - 0 3 1 2 - 3 2 0 1 - 1 0 2 3 - 
    909 3 2 0 1 - 0 1 3 2 - 1 0 2 3 - 2 3 1 0 - 
    910 3 2 0 1 - 0 1 3 2 - 1 3 2 0 - 2 0 1 3 - 
    911 3 1 0 2 - 2 0 1 3 - 0 3 2 1 - 1 2 3 0 - 
    913 2 1 3 0 - 3 0 2 1 - 1 3 0 2 - 0 2 1 3 - 
    914 0 1 2 3 - 2 3 0 1 - 3 2 1 0 - 1 0 3 2 - 
    915 2 3 0 1 - 1 0 3 2 - 0 1 2 3 - 3 2 1 0 - 
    916 0 3 2 1 - 1 2 3 0 - 3 1 0 2 - 2 0 1 3 - 
    921 3 2 0 1 - 1 0 2 3 - 2 1 3 0 - 0 3 1 2 - 
    924 0 3 2 1 - 1 2 3 0 - 2 0 1 3 - 3 1 0 2 - 
    930 2 0 1 3 - 1 3 2 0 - 3 1 0 2 - 0 2 3 1 - 
    934 1 0 3 2 - 2 3 0 1 - 3 1 2 0 - 0 2 1 3 - 
    945 1 0 2 3 - 2 3 1 0 - 0 2 3 1 - 3 1 0 2 - 
    948 3 0 1 2 - 2 1 0 3 - 1 3 2 0 - 0 2 3 1 - 
   1092 1 0 3 2 - 0 1 2 3 - 3 2 0 1 - 2 3 1 0 - 
   1101 2 1 0 3 - 1 2 3 0 - 0 3 1 2 - 3 0 2 1 - 
   1108 0 1 2 3 - 1 0 3 2 - 2 3 0 1 - 3 2 1 0 - 
   1109 0 3 2 1 - 3 0 1 2 - 1 2 3 0 - 2 1 0 3 - 
   1110 2 3 0 1 - 3 2 1 0 - 0 1 3 2 - 1 0 2 3 - 
   1113 1 3 2 0 - 3 1 0 2 - 2 0 3 1 - 0 2 1 3 - 
   1116 1 3 0 2 - 3 1 2 0 - 2 0 1 3 - 0 2 3 1 - 
   1117 2 1 3 0 - 1 2 0 3 - 0 3 1 2 - 3 0 2 1 - 
   1119 0 2 1 3 - 2 0 3 1 - 1 3 0 2 - 3 1 2 0 - 
   1122 3 2 1 0 - 2 3 0 1 - 1 0 2 3 - 0 1 3 2 - 
   1126 0 3 1 2 - 3 0 2 1 - 1 2 3 0 - 2 1 0 3 - 
   1128 0 3 2 1 - 3 0 1 2 - 1 2 0 3 - 2 1 3 0 - 
   1128 3 2 0 1 - 2 3 1 0 - 0 1 2 3 - 1 0 3 2 - 
   1129 1 0 3 2 - 0 1 2 3 - 2 3 1 0 - 3 2 0 1 - 
   1129 3 0 1 2 - 0 3 2 1 - 1 2 0 3 - 2 1 3 0 - 
   1130 1 2 3 0 - 2 1 0 3 - 3 0 1 2 - 0 3 2 1 - 
   1132 2 1 3 0 - 1 2 0 3 - 3 0 1 2 - 0 3 2 1 - 
   1134 0 1 3 2 - 1 0 2 3 - 3 2 1 0 - 2 3 0 1 - 
   1134 1 0 3 2 - 0 1 2 3 - 3 2 1 0 - 2 3 0 1 - 
   1134 1 2 3 0 - 2 1 0 3 - 0 3 2 1 - 3 0 1 2 - 
   1134 3 1 0 2 - 1 3 2 0 - 2 0 1 3 - 0 2 3 1 - 
   1137 0 2 3 1 - 2 0 1 3 - 1 3 2 0 - 3 1 0 2 - 
   1138 0 1 3 2 - 1 0 2 3 - 2 3 1 0 - 3 2 0 1 - 
   1138 3 0 2 1 - 0 3 1 2 - 1 2 0 3 - 2 1 3 0 - 
   1139 0 3 2 1 - 3 0 1 2 - 2 1 0 3 - 1 2 3 0 - 
   1139 1 3 0 2 - 3 1 2 0 - 0 2 1 3 - 2 0 3 1 - 
   1139 2 3 1 0 - 3 2 0 1 - 1 0 2 3 - 0 1 3 2 - 
   1141 1 2 0 3 - 2 1 3 0 - 0 3 1 2 - 3 0 2 1 - 
   1143 1 2 0 3 - 2 1 3 0 - 3 0 1 2 - 0 3 2 1 - 
   1143 1 3 0 2 - 3 1 2 0 - 0 2 3 1 - 2 0 1 3 - 
   1143 2 0 1 3 - 0 2 3 1 - 1 3 0 2 - 3 1 2 0 - 
   1143 3 1 2 0 - 1 3 0 2 - 0 2 3 1 - 2 0 1 3 - 
   1143 3 2 1 0 - 2 3 0 1 - 1 0 3 2 - 0 1 2 3 - 
   1144 0 2 3 1 - 2 0 1 3 - 1 3 0 2 - 3 1 2 0 - 
   1144 0 3 1 2 - 3 0 2 1 - 1 2 0 3 - 2 1 3 0 - 
   1144 1 3 2 0 - 3 1 0 2 - 2 0 1 3 - 0 2 3 1 - 
   1145 0 3 1 2 - 3 0 2 1 - 2 1 0 3 - 1 2 3 0 - 
   1145 3 1 2 0 - 1 3 0 2 - 0 2 1 3 - 2 0 3 1 - 
   1146 3 2 0 1 - 2 3 1 0 - 1 0 3 2 - 0 1 2 3 - 
   1147 2 0 3 1 - 0 2 1 3 - 1 3 2 0 - 3 1 0 2 - 
   1147 2 3 0 1 - 3 2 1 0 - 1 0 2 3 - 0 1 3 2 - 
   1147 3 0 2 1 - 0 3 1 2 - 1 2 3 0 - 2 1 0 3 - 
   1149 1 2 0 3 - 2 1 3 0 - 0 3 2 1 - 3 0 1 2 - 
   1151 2 3 1 0 - 3 2 0 1 - 0 1 3 2 - 1 0 2 3 - 
   1151 3 0 1 2 - 0 3 2 1 - 2 1 0 3 - 1 2 3 0 - 
   1153 0 3 2 1 - 3 0 1 2 - 2 1 3 0 - 1 2 0 3 - 
   1154 1 2 0 3 - 2 1 3 0 - 3 0 2 1 - 0 3 1 2 - 
   1154 1 3 2 0 - 3 1 0 2 - 0 2 3 1 - 2 0 1 3 - 
   1154 2 1 0 3 - 1 2 3 0 - 0 3 2 1 - 3 0 1 2 - 
   1157 2 3 1 0 - 3 2 0 1 - 0 1 2 3 - 1 0 3 2 - 
   1158 3 1 2 0 - 1 3 0 2 - 2 0 3 1 - 0 2 1 3 - 
   1162 0 1 2 3 - 1 0 3 2 - 2 3 1 0 - 3 2 0 1 - 
   1162 3 0 2 1 - 0 3 1 2 - 2 1 0 3 - 1 2 3 0 - 
   1163 3 0 1 2 - 0 3 2 1 - 1 2 3 0 - 2 1 0 3 - 
   1164 2 3 1 0 - 3 2 0 1 - 1 0 3 2 - 0 1 2 3 - 
   1166 0 1 2 3 - 1 0 3 2 - 3 2 1 0 - 2 3 0 1 - 
   1166 2 0 3 1 - 0 2 1 3 - 3 1 0 2 - 1 3 2 0 - 
   1168 3 0 2 1 - 0 3 1 2 - 2 1 3 0 - 1 2 0 3 - 
   1168 3 2 0 1 - 2 3 1 0 - 1 0 2 3 - 0 1 3 2 - 
   1172 0 1 2 3 - 1 0 3 2 - 3 2 0 1 - 2 3 1 0 - 
   1172 1 0 2 3 - 0 1 3 2 - 3 2 0 1 - 2 3 1 0 - 
   1172 1 2 3 0 - 2 1 0 3 - 0 3 1 2 - 3 0 2 1 - 
   1172 1 3 2 0 - 3 1 0 2 - 0 2 1 3 - 2 0 3 1 - 
   1173 2 0 3 1 - 0 2 1 3 - 3 1 2 0 - 1 3 0 2 - 
   1175 1 0 2 3 - 0 1 3 2 - 3 2 1 0 - 2 3 0 1 - 
   1175 2 1 0 3 - 1 2 3 0 - 3 0 1 2 - 0 3 2 1 - 
   1176 3 1 2 0 - 1 3 0 2 - 2 0 1 3 - 0 2 3 1 - 
   1177 3 2 0 1 - 2 3 1 0 - 0 1 3 2 - 1 0 2 3 - 
   1178 1 3 0 2 - 3 1 2 0 - 2 0 3 1 - 0 2 1 3 - 
   1178 2 0 3 1 - 0 2 1 3 - 1 3 0 2 - 3 1 2 0 - 
   1178 2 3 0 1 - 3 2 1 0 - 1 0 3 2 - 0 1 2 3 - 
   1179 2 1 3 0 - 1 2 0 3 - 3 0 2 1 - 0 3 1 2 - 
   1181 3 1 0 2 - 1 3 2 0 - 0 2 1 3 - 2 0 3 1 - 
   1182 2 0 1 3 - 0 2 3 1 - 3 1 0 2 - 1 3 2 0 - 
   1182 2 0 1 3 - 0 2 3 1 - 3 1 2 0 - 1 3 0 2 - 
   1182 3 2 1 0 - 2 3 0 1 - 0 1 3 2 - 1 0 2 3 - 
   1183 0 2 3 1 - 2 0 1 3 - 3 1 0 2 - 1 3 2 0 - 
   1187 0 1 3 2 - 1 0 2 3 - 3 2 0 1 - 2 3 1 0 - 
   1189 3 1 0 2 - 1 3 2 0 - 0 2 3 1 - 2 0 1 3 - 
   1189 3 1 0 2 - 1 3 2 0 - 2 0 3 1 - 0 2 1 3 - 
   1192 0 2 1 3 - 2 0 3 1 - 3 1 0 2 - 1 3 2 0 - 
   1192 0 2 1 3 - 2 0 3 1 - 3 1 2 0 - 1 3 0 2 - 
   1192 2 0 1 3 - 0 2 3 1 - 1 3 2 0 - 3 1 0 2 - 
   1196 1 0 3 2 - 0 1 2 3 - 2 3 0 1 - 3 2 1 0 - 
   1200 2 1 0 3 - 1 2 3 0 - 3 0 2 1 - 0 3 1 2 - 
   1201 2 3 0 1 - 3 2 1 0 - 0 1 2 3 - 1 0 3 2 - 
   1204 0 1 3 2 - 1 0 2 3 - 2 3 0 1 - 3 2 1 0 - 
   1206 0 2 1 3 - 2 0 3 1 - 1 3 2 0 - 3 1 0 2 - 
   1209 1 0 2 3 - 0 1 3 2 - 2 3 0 1 - 3 2 1 0 - 
   1210 1 0 2 3 - 0 1 3 2 - 2 3 1 0 - 3 2 0 1 - 
   1214 3 0 1 2 - 0 3 2 1 - 2 1 3 0 - 1 2 0 3 - 
   1215 0 3 1 2 - 3 0 2 1 - 2 1 3 0 - 1 2 0 3 - 
   1219 1 2 3 0 - 2 1 0 3 - 3 0 2 1 - 0 3 1 2 - 
   1220 2 1 3 0 - 1 2 0 3 - 0 3 2 1 - 3 0 1 2 - 
   1230 0 2 3 1 - 2 0 1 3 - 3 1 2 0 - 1 3 0 2 - 
   1233 3 2 1 0 - 2 3 0 1 - 0 1 2 3 - 1 0 3 2 - 
   1626 0 3 2 1 - 1 2 0 3 - 2 1 3 0 - 3 0 1 2 - 
   1634 3 2 1 0 - 0 1 3 2 - 2 3 0 1 - 1 0 2 3 - 
   1637 3 2 1 0 - 1 0 2 3 - 2 3 0 1 - 0 1 3 2 - 
   1654 2 3 0 1 - 1 0 2 3 - 0 1 3 2 - 3 2 1 0 - 
   1671 1 3 0 2 - 0 2 3 1 - 2 0 1 3 - 3 1 2 0 - 
   1672 2 3 1 0 - 0 1 2 3 - 1 0 3 2 - 3 2 0 1 - 
   1673 3 0 2 1 - 2 1 0 3 - 0 3 1 2 - 1 2 3 0 - 
   1675 0 2 1 3 - 1 3 2 0 - 2 0 3 1 - 3 1 0 2 - 
   1675 1 0 2 3 - 2 3 0 1 - 3 2 1 0 - 0 1 3 2 - 
   1678 0 2 3 1 - 3 1 2 0 - 1 3 0 2 - 2 0 1 3 - 
   1679 3 1 2 0 - 0 2 3 1 - 1 3 0 2 - 2 0 1 3 - 
   1682 1 2 3 0 - 3 0 2 1 - 2 1 0 3 - 0 3 1 2 - 
   1690 0 1 2 3 - 2 3 1 0 - 3 2 0 1 - 1 0 3 2 - 
   1690 2 1 0 3 - 3 0 2 1 - 0 3 1 2 - 1 2 3 0 - 
   1690 2 1 3 0 - 3 0 1 2 - 1 2 0 3 - 0 3 2 1 - 
   1691 2 3 1 0 - 1 0 3 2 - 0 1 2 3 - 3 2 0 1 - 
   1695 1 0 3 2 - 3 2 0 1 - 0 1 2 3 - 2 3 1 0 - 
   1695 2 1 0 3 - 0 3 1 2 - 3 0 2 1 - 1 2 3 0 - 
   1698 2 0 3 1 - 3 1 0 2 - 0 2 1 3 - 1 3 2 0 - 
   1700 2 0 1 3 - 1 3 0 2 - 0 2 3 1 - 3 1 2 0 - 
   1701 0 2 1 3 - 3 1 0 2 - 1 3 2 0 - 2 0 3 1 - 
   1702 0 2 3 1 - 3 1 2 0 - 2 0 1 3 - 1 3 0 2 - 
   1704 3 1 2 0 - 2 0 1 3 - 0 2 3 1 - 1 3 0 2 - 
   1705 2 3 1 0 - 1 0 3 2 - 3 2 0 1 - 0 1 2 3 - 
   1706 0 3 1 2 - 2 1 0 3 - 3 0 2 1 - 1 2 3 0 - 
   1711 3 0 1 2 - 1 2 0 3 - 0 3 2 1 - 2 1 3 0 - 
   1712 1 3 2 0 - 2 0 3 1 - 3 1 0 2 - 0 2 1 3 - 
   1712 2 0 3 1 - 1 3 2 0 - 3 1 0 2 - 0 2 1 3 - 
   1714 1 3 0 2 - 2 0 1 3 - 0 2 3 1 - 3 1 2 0 - 
   1715 0 3 1 2 - 2 1 0 3 - 1 2 3 0 - 3 0 2 1 - 
   1717 1 0 2 3 - 3 2 1 0 - 2 3 0 1 - 0 1 3 2 - 
   1718 3 1 2 0 - 2 0 1 3 - 1 3 0 2 - 0 2 3 1 - 
   1721 3 2 0 1 - 0 1 2 3 - 1 0 3 2 - 2 3 1 0 - 
   1723 1 3 2 0 - 0 2 1 3 - 3 1 0 2 - 2 0 3 1 - 
   1724 0 3 2 1 - 2 1 3 0 - 3 0 1 2 - 1 2 0 3 - 
   1724 3 2 0 1 - 1 0 3 2 - 0 1 2 3 - 2 3 1 0 - 
   1725 2 3 0 1 - 0 1 3 2 - 1 0 2 3 - 3 2 1 0 - 
   1725 3 0 1 2 - 2 1 3 0 - 0 3 2 1 - 1 2 0 3 - 
   1728 0 1 2 3 - 2 3 1 0 - 1 0 3 2 - 3 2 0 1 - 
   1728 2 3 1 0 - 0 1 2 3 - 3 2 0 1 - 1 0 3 2 - 
   1730 1 2 3 0 - 3 0 2 1 - 0 3 1 2 - 2 1 0 3 - 
   1730 3 0 1 2 - 2 1 3 0 - 1 2 0 3 - 0 3 2 1 - 
   1731 1 0 3 2 - 2 3 1 0 - 3 2 0 1 - 0 1 2 3 - 
   1731 3 0 1 2 - 1 2 0 3 - 2 1 3 0 - 0 3 2 1 - 
   1731 3 2 0 1 - 0 1 2 3 - 2 3 1 0 - 1 0 3 2 - 
   1731 3 2 1 0 - 1 0 2 3 - 0 1 3 2 - 2 3 0 1 - 
   1732 3 1 0 2 - 0 2 1 3 - 2 0 3 1 - 1 3 2 0 - 
   1733 0 1 3 2 - 2 3 0 1 - 3 2 1 0 - 1 0 2 3 - 
   1733 1 2 0 3 - 0 3 2 1 - 3 0 1 2 - 2 1 3 0 - 
   1733 2 1 3 0 - 3 0 1 2 - 0 3 2 1 - 1 2 0 3 - 
   1735 1 3 0 2 - 0 2 3 1 - 3 1 2 0 - 2 0 1 3 - 
   1735 1 3 0 2 - 2 0 1 3 - 3 1 2 0 - 0 2 3 1 - 
   1735 1 3 2 0 - 0 2 1 3 - 2 0 3 1 - 3 1 0 2 - 
   1735 2 0 3 1 - 1 3 2 0 - 0 2 1 3 - 3 1 0 2 - 
   1736 0 3 1 2 - 1 2 3 0 - 3 0 2 1 - 2 1 0 3 - 
   1738 1 2 3 0 - 0 3 1 2 - 3 0 2 1 - 2 1 0 3 - 
   1740 3 0 2 1 - 1 2 3 0 - 2 1 0 3 - 0 3 1 2 - 
   1741 0 3 2 1 - 2 1 3 0 - 1 2 0 3 - 3 0 1 2 - 
   1741 2 3 0 1 - 0 1 3 2 - 3 2 1 0 - 1 0 2 3 - 
   1743 2 1 0 3 - 3 0 2 1 - 1 2 3 0 - 0 3 1 2 - 
   1743 2 1 3 0 - 0 3 2 1 - 3 0 1 2 - 1 2 0 3 - 
   1743 3 2 0 1 - 1 0 3 2 - 2 3 1 0 - 0 1 2 3 - 
   1744 0 1 2 3 - 3 2 0 1 - 2 3 1 0 - 1 0 3 2 - 
   1744 0 3 1 2 - 1 2 3 0 - 2 1 0 3 - 3 0 2 1 - 
   1745 0 2 3 1 - 1 3 0 2 - 3 1 2 0 - 2 0 1 3 - 
   1745 1 2 0 3 - 3 0 1 2 - 2 1 3 0 - 0 3 2 1 - 
   1747 2 0 1 3 - 3 1 2 0 - 1 3 0 2 - 0 2 3 1 - 
   1750 3 0 2 1 - 1 2 3 0 - 0 3 1 2 - 2 1 0 3 - 
   1751 2 1 0 3 - 0 3 1 2 - 1 2 3 0 - 3 0 2 1 - 
   1755 1 2 0 3 - 3 0 1 2 - 0 3 2 1 - 2 1 3 0 - 
   1758 0 1 3 2 - 3 2 1 0 - 2 3 0 1 - 1 0 2 3 - 
   1759 3 0 2 1 - 2 1 0 3 - 1 2 3 0 - 0 3 1 2 - 
   1760 3 1 2 0 - 0 2 3 1 - 2 0 1 3 - 1 3 0 2 - 
   1762 1 0 2 3 - 3 2 1 0 - 0 1 3 2 - 2 3 0 1 - 
   1767 1 3 2 0 - 2 0 3 1 - 0 2 1 3 - 3 1 0 2 - 
   1767 3 2 1 0 - 0 1 3 2 - 1 0 2 3 - 2 3 0 1 - 
   1768 2 3 0 1 - 1 0 2 3 - 3 2 1 0 - 0 1 3 2 - 
   1772 0 2 3 1 - 1 3 0 2 - 2 0 1 3 - 3 1 2 0 - 
   1773 2 0 1 3 - 3 1 2 0 - 0 2 3 1 - 1 3 0 2 - 
   1773 3 1 0 2 - 0 2 1 3 - 1 3 2 0 - 2 0 3 1 - 
   1774 3 1 0 2 - 2 0 3 1 - 0 2 1 3 - 1 3 2 0 - 
   1777 2 1 3 0 - 0 3 2 1 - 1 2 0 3 - 3 0 1 2 - 
   1779 0 1 2 3 - 3 2 0 1 - 1 0 3 2 - 2 3 1 0 - 
   1779 0 2 1 3 - 1 3 2 0 - 3 1 0 2 - 2 0 3 1 - 
   1779 2 0 1 3 - 1 3 0 2 - 3 1 2 0 - 0 2 3 1 - 
   1780 0 3 2 1 - 1 2 0 3 - 3 0 1 2 - 2 1 3 0 - 
   1781 0 2 1 3 - 3 1 0 2 - 2 0 3 1 - 1 3 2 0 - 
   1781 1 0 2 3 - 2 3 0 1 - 0 1 3 2 - 3 2 1 0 - 
   1782 1 0 3 2 - 3 2 0 1 - 2 3 1 0 - 0 1 2 3 - 
   1783 0 1 3 2 - 3 2 1 0 - 1 0 2 3 - 2 3 0 1 - 
   1783 1 0 3 2 - 2 3 1 0 - 0 1 2 3 - 3 2 0 1 - 
   1785 1 2 3 0 - 0 3 1 2 - 2 1 0 3 - 3 0 2 1 - 
   1795 0 1 3 2 - 2 3 0 1 - 1 0 2 3 - 3 2 1 0 - 
   1795 1 2 0 3 - 0 3 2 1 - 2 1 3 0 - 3 0 1 2 - 
   1795 3 1 0 2 - 2 0 3 1 - 1 3 2 0 - 0 2 1 3 - 
   1848 2 0 3 1 - 3 1 0 2 - 1 3 2 0 - 0 2 1 3 - 
   2182 2 1 3 0 - 1 3 0 2 - 3 0 2 1 - 0 2 1 3 - 
   2187 0 3 2 1 - 3 2 1 0 - 1 0 3 2 - 2 1 0 3 - 
   2193 0 3 1 2 - 3 2 0 1 - 1 0 2 3 - 2 1 3 0 - 
   2201 3 2 0 1 - 2 0 1 3 - 1 3 2 0 - 0 1 3 2 - 
   2227 0 1 3 2 - 1 2 0 3 - 2 3 1 0 - 3 0 2 1 - 
   2243 0 1 3 2 - 1 2 0 3 - 3 0 2 1 - 2 3 1 0 - 
   2247 0 3 1 2 - 3 1 2 0 - 2 0 3 1 - 1 2 0 3 - 
   2249 2 0 3 1 - 0 3 1 2 - 1 2 0 3 - 3 1 2 0 - 
   2250 3 1 0 2 - 1 0 2 3 - 2 3 1 0 - 0 2 3 1 - 
   2253 0 3 2 1 - 3 1 0 2 - 1 2 3 0 - 2 0 1 3 - 
   2254 0 2 3 1 - 2 3 1 0 - 3 1 0 2 - 1 0 2 3 - 
   2257 2 0 1 3 - 0 3 2 1 - 3 1 0 2 - 1 2 3 0 - 
   2258 0 2 1 3 - 2 3 0 1 - 3 1 2 0 - 1 0 3 2 - 
   2260 0 3 1 2 - 3 1 2 0 - 1 2 0 3 - 2 0 3 1 - 
   2260 1 3 0 2 - 3 0 2 1 - 2 1 3 0 - 0 2 1 3 - 
   2263 2 0 3 1 - 0 1 2 3 - 1 3 0 2 - 3 2 1 0 - 
   2264 2 1 3 0 - 1 3 0 2 - 0 2 1 3 - 3 0 2 1 - 
   2266 1 2 0 3 - 2 0 3 1 - 0 3 1 2 - 3 1 2 0 - 
   2267 3 2 0 1 - 2 1 3 0 - 0 3 1 2 - 1 0 2 3 - 
   2268 1 3 0 2 - 3 0 2 1 - 0 2 1 3 - 2 1 3 0 - 
   2268 2 3 1 0 - 3 1 0 2 - 0 2 3 1 - 1 0 2 3 - 
   2270 2 3 0 1 - 3 0 1 2 - 1 2 3 0 - 0 1 2 3 - 
   2273 0 3 1 2 - 3 2 0 1 - 2 1 3 0 - 1 0 2 3 - 
   2277 1 2 3 0 - 2 0 1 3 - 0 3 2 1 - 3 1 0 2 - 
   2283 0 2 1 3 - 2 3 0 1 - 1 0 3 2 - 3 1 2 0 - 
   2283 1 0 2 3 - 0 3 1 2 - 2 1 3 0 - 3 2 0 1 - 
   2283 1 0 3 2 - 0 2 1 3 - 3 1 2 0 - 2 3 0 1 - 
   2284 2 1 0 3 - 1 3 2 0 - 0 2 3 1 - 3 0 1 2 - 
   2286 1 3 0 2 - 3 2 1 0 - 0 1 2 3 - 2 0 3 1 - 
   2292 0 2 3 1 - 2 1 0 3 - 3 0 1 2 - 1 3 2 0 - 
   2294 1 2 3 0 - 2 3 0 1 - 3 0 1 2 - 0 1 2 3 - 
   2294 2 0 1 3 - 0 1 3 2 - 3 2 0 1 - 1 3 2 0 - 
   2298 1 0 2 3 - 0 2 3 1 - 2 3 1 0 - 3 1 0 2 - 
   2298 3 2 1 0 - 2 0 3 1 - 0 1 2 3 - 1 3 0 2 - 
   2299 1 0 2 3 - 0 2 3 1 - 3 1 0 2 - 2 3 1 0 - 
   2304 1 2 0 3 - 2 3 1 0 - 0 1 3 2 - 3 0 2 1 - 
   2305 0 2 1 3 - 2 1 3 0 - 3 0 2 1 - 1 3 0 2 - 
   2306 2 1 0 3 - 1 3 2 0 - 3 0 1 2 - 0 2 3 1 - 
   2307 3 0 2 1 - 0 2 1 3 - 1 3 0 2 - 2 1 3 0 - 
   2308 3 1 2 0 - 1 2 0 3 - 2 0 3 1 - 0 3 1 2 - 
   2309 0 1 3 2 - 1 3 2 0 - 2 0 1 3 - 3 2 0 1 - 
   2309 2 1 0 3 - 1 0 3 2 - 0 3 2 1 - 3 2 1 0 - 
   2309 2 3 1 0 - 3 0 2 1 - 1 2 0 3 - 0 1 3 2 - 
   2311 0 1 2 3 - 1 2 3 0 - 3 0 1 2 - 2 3 0 1 - 
   2311 3 2 1 0 - 2 1 0 3 - 1 0 3 2 - 0 3 2 1 - 
   2312 3 2 1 0 - 2 0 3 1 - 1 3 0 2 - 0 1 2 3 - 
   2314 3 0 1 2 - 0 1 2 3 - 2 3 0 1 - 1 2 3 0 - 
   2316 1 0 3 2 - 0 2 1 3 - 2 3 0 1 - 3 1 2 0 - 
   2316 3 1 2 0 - 1 2 0 3 - 0 3 1 2 - 2 0 3 1 - 
   2317 1 3 0 2 - 3 2 1 0 - 2 0 3 1 - 0 1 2 3 - 
   2319 1 2 0 3 - 2 0 3 1 - 3 1 2 0 - 0 3 1 2 - 
   2322 3 0 2 1 - 0 1 3 2 - 1 2 0 3 - 2 3 1 0 - 
   2323 2 3 0 1 - 3 1 2 0 - 0 2 1 3 - 1 0 3 2 - 
   2324 3 2 1 0 - 2 1 0 3 - 0 3 2 1 - 1 0 3 2 - 
   2325 3 0 1 2 - 0 2 3 1 - 2 1 0 3 - 1 3 2 0 - 
   2329 3 1 0 2 - 1 2 3 0 - 2 0 1 3 - 0 3 2 1 - 
   2331 0 1 2 3 - 1 2 3 0 - 2 3 0 1 - 3 0 1 2 - 
   2331 1 0 2 3 - 0 3 1 2 - 3 2 0 1 - 2 1 3 0 - 
   2331 2 0 3 1 - 0 3 1 2 - 3 1 2 0 - 1 2 0 3 - 
   2331 2 1 3 0 - 1 0 2 3 - 3 2 0 1 - 0 3 1 2 - 
   2332 2 0 3 1 - 0 1 2 3 - 3 2 1 0 - 1 3 0 2 - 
   2335 2 0 1 3 - 0 3 2 1 - 1 2 3 0 - 3 1 0 2 - 
   2336 2 3 1 0 - 3 1 0 2 - 1 0 2 3 - 0 2 3 1 - 
   2338 0 2 3 1 - 2 3 1 0 - 1 0 2 3 - 3 1 0 2 - 
   2339 3 0 2 1 - 0 2 1 3 - 2 1 3 0 - 1 3 0 2 - 
   2339 3 1 0 2 - 1 0 2 3 - 0 2 3 1 - 2 3 1 0 - 
   2340 1 0 3 2 - 0 3 2 1 - 3 2 1 0 - 2 1 0 3 - 
   2342 3 0 1 2 - 0 1 2 3 - 1 2 3 0 - 2 3 0 1 - 
   2344 1 0 3 2 - 0 3 2 1 - 2 1 0 3 - 3 2 1 0 - 
   2350 2 3 1 0 - 3 0 2 1 - 0 1 3 2 - 1 2 0 3 - 
   2354 1 2 3 0 - 2 0 1 3 - 3 1 0 2 - 0 3 2 1 - 
   2355 0 1 3 2 - 1 3 2 0 - 3 2 0 1 - 2 0 1 3 - 
   2355 0 3 2 1 - 3 2 1 0 - 2 1 0 3 - 1 0 3 2 - 
   2356 3 0 1 2 - 0 2 3 1 - 1 3 2 0 - 2 1 0 3 - 
   2357 3 2 0 1 - 2 0 1 3 - 0 1 3 2 - 1 3 2 0 - 
   2361 1 3 2 0 - 3 0 1 2 - 2 1 0 3 - 0 2 3 1 - 
   2361 2 3 0 1 - 3 1 2 0 - 1 0 3 2 - 0 2 1 3 - 
   2364 1 2 3 0 - 2 3 0 1 - 0 1 2 3 - 3 0 1 2 - 
   2365 0 1 2 3 - 1 3 0 2 - 2 0 3 1 - 3 2 1 0 - 
   2365 3 2 0 1 - 2 1 3 0 - 1 0 2 3 - 0 3 1 2 - 
   2366 1 3 2 0 - 3 2 0 1 - 2 0 1 3 - 0 1 3 2 - 
   2366 3 0 2 1 - 0 1 3 2 - 2 3 1 0 - 1 2 0 3 - 
   2369 2 1 3 0 - 1 0 2 3 - 0 3 1 2 - 3 2 0 1 - 
   2373 1 3 2 0 - 3 2 0 1 - 0 1 3 2 - 2 0 1 3 - 
   2376 2 3 0 1 - 3 0 1 2 - 0 1 2 3 - 1 2 3 0 - 
   2380 1 2 0 3 - 2 3 1 0 - 3 0 2 1 - 0 1 3 2 - 
   2384 0 1 2 3 - 1 3 0 2 - 3 2 1 0 - 2 0 3 1 - 
   2384 2 1 0 3 - 1 0 3 2 - 3 2 1 0 - 0 3 2 1 - 
   2385 2 0 1 3 - 0 1 3 2 - 1 3 2 0 - 3 2 0 1 - 
   2388 0 2 1 3 - 2 1 3 0 - 1 3 0 2 - 3 0 2 1 - 
   2389 3 1 0 2 - 1 2 3 0 - 0 3 2 1 - 2 0 1 3 - 
   2394 1 3 2 0 - 3 0 1 2 - 0 2 3 1 - 2 1 0 3 - 
   2395 0 3 2 1 - 3 1 0 2 - 2 0 1 3 - 1 2 3 0 - 
   2396 0 2 3 1 - 2 1 0 3 - 1 3 2 0 - 3 0 1 2 - 
   2415 3 1 2 0 - 1 0 3 2 - 0 2 1 3 - 2 3 0 1 - 
   2443 3 1 2 0 - 1 0 3 2 - 2 3 0 1 - 0 2 1 3 - 
   3322 0 1 2 3 - 3 0 1 2 - 1 2 3 0 - 2 3 0 1 - 
   3367 1 0 3 2 - 3 1 2 0 - 0 2 1 3 - 2 3 0 1 - 
   3367 1 2 3 0 - 0 1 2 3 - 2 3 0 1 - 3 0 1 2 - 
   3367 2 1 3 0 - 0 2 1 3 - 3 0 2 1 - 1 3 0 2 - 
   3370 0 2 1 3 - 1 0 3 2 - 2 3 0 1 - 3 1 2 0 - 
   3373 0 2 1 3 - 3 0 2 1 - 2 1 3 0 - 1 3 0 2 - 
   3409 0 1 3 2 - 3 0 2 1 - 1 2 0 3 - 2 3 1 0 - 
   3412 2 0 1 3 - 1 2 3 0 - 3 1 0 2 - 0 3 2 1 - 
   3412 3 2 0 1 - 0 3 1 2 - 2 1 3 0 - 1 0 2 3 - 
   3415 3 0 2 1 - 2 3 1 0 - 0 1 3 2 - 1 2 0 3 - 
   3417 1 0 3 2 - 2 1 0 3 - 0 3 2 1 - 3 2 1 0 - 
   3417 1 0 3 2 - 3 1 2 0 - 2 3 0 1 - 0 2 1 3 - 
   3418 2 3 1 0 - 0 2 3 1 - 1 0 2 3 - 3 1 0 2 - 
   3419 3 2 0 1 - 1 3 2 0 - 0 1 3 2 - 2 0 1 3 - 
   3425 2 1 3 0 - 3 2 0 1 - 1 0 2 3 - 0 3 1 2 - 
   3426 1 0 2 3 - 3 1 0 2 - 0 2 3 1 - 2 3 1 0 - 
   3426 3 2 1 0 - 0 3 2 1 - 1 0 3 2 - 2 1 0 3 - 
   3434 2 3 1 0 - 1 2 0 3 - 3 0 2 1 - 0 1 3 2 - 
   3435 3 0 1 2 - 1 3 2 0 - 2 1 0 3 - 0 2 3 1 - 
   3435 3 2 0 1 - 1 3 2 0 - 2 0 1 3 - 0 1 3 2 - 
   3438 2 0 1 3 - 3 2 0 1 - 0 1 3 2 - 1 3 2 0 - 
   3439 2 1 3 0 - 3 2 0 1 - 0 3 1 2 - 1 0 2 3 - 
   3440 1 2 0 3 - 3 1 2 0 - 2 0 3 1 - 0 3 1 2 - 
   3440 2 3 0 1 - 1 2 3 0 - 0 1 2 3 - 3 0 1 2 - 
   3440 2 3 0 1 - 1 2 3 0 - 3 0 1 2 - 0 1 2 3 - 
   3441 0 1 2 3 - 2 0 3 1 - 3 2 1 0 - 1 3 0 2 - 
   3442 3 1 0 2 - 0 3 2 1 - 2 0 1 3 - 1 2 3 0 - 
   3445 0 1 2 3 - 2 0 3 1 - 1 3 0 2 - 3 2 1 0 - 
   3446 1 3 0 2 - 2 1 3 0 - 3 0 2 1 - 0 2 1 3 - 
   3446 2 3 1 0 - 0 2 3 1 - 3 1 0 2 - 1 0 2 3 - 
   3447 3 0 1 2 - 1 3 2 0 - 0 2 3 1 - 2 1 0 3 - 
   3448 2 1 0 3 - 3 2 1 0 - 1 0 3 2 - 0 3 2 1 - 
   3451 0 3 2 1 - 2 0 1 3 - 3 1 0 2 - 1 2 3 0 - 
   3451 1 3 0 2 - 0 1 2 3 - 3 2 1 0 - 2 0 3 1 - 
   3452 2 1 0 3 - 0 2 3 1 - 1 3 2 0 - 3 0 1 2 - 
   3456 3 0 1 2 - 2 3 0 1 - 0 1 2 3 - 1 2 3 0 - 
   3457 0 3 1 2 - 2 0 3 1 - 1 2 0 3 - 3 1 2 0 - 
   3457 1 3 0 2 - 0 1 2 3 - 2 0 3 1 - 3 2 1 0 - 
   3457 3 1 2 0 - 2 3 0 1 - 0 2 1 3 - 1 0 3 2 - 
   3458 3 1 0 2 - 0 3 2 1 - 1 2 3 0 - 2 0 1 3 - 
   3459 1 3 2 0 - 2 1 0 3 - 3 0 1 2 - 0 2 3 1 - 
   3462 3 1 2 0 - 0 3 1 2 - 2 0 3 1 - 1 2 0 3 - 
   3464 0 3 1 2 - 2 0 3 1 - 3 1 2 0 - 1 2 0 3 - 
   3464 1 0 2 3 - 2 1 3 0 - 3 2 0 1 - 0 3 1 2 - 
   3465 3 2 1 0 - 1 3 0 2 - 2 0 3 1 - 0 1 2 3 - 
   3466 1 0 3 2 - 2 1 0 3 - 3 2 1 0 - 0 3 2 1 - 
   3466 2 3 1 0 - 1 2 0 3 - 0 1 3 2 - 3 0 2 1 - 
   3467 2 1 0 3 - 3 2 1 0 - 0 3 2 1 - 1 0 3 2 - 
   3468 2 1 0 3 - 0 2 3 1 - 3 0 1 2 - 1 3 2 0 - 
   3469 3 2 1 0 - 0 3 2 1 - 2 1 0 3 - 1 0 3 2 - 
   3470 3 1 0 2 - 2 3 1 0 - 0 2 3 1 - 1 0 2 3 - 
   3473 0 3 1 2 - 1 0 2 3 - 3 2 0 1 - 2 1 3 0 - 
   3475 0 3 2 1 - 1 0 3 2 - 3 2 1 0 - 2 1 0 3 - 
   3475 3 1 2 0 - 0 3 1 2 - 1 2 0 3 - 2 0 3 1 - 
   3477 3 1 2 0 - 2 3 0 1 - 1 0 3 2 - 0 2 1 3 - 
   3481 1 3 2 0 - 2 1 0 3 - 0 2 3 1 - 3 0 1 2 - 
   3483 0 2 3 1 - 1 0 2 3 - 2 3 1 0 - 3 1 0 2 - 
   3488 0 2 1 3 - 1 0 3 2 - 3 1 2 0 - 2 3 0 1 - 
   3488 3 0 2 1 - 2 3 1 0 - 1 2 0 3 - 0 1 3 2 - 
   3489 0 1 3 2 - 2 0 1 3 - 1 3 2 0 - 3 2 0 1 - 
   3491 2 3 0 1 - 0 2 1 3 - 3 1 2 0 - 1 0 3 2 - 
   3501 0 3 2 1 - 1 0 3 2 - 2 1 0 3 - 3 2 1 0 - 
   3502 1 2 0 3 - 0 1 3 2 - 3 0 2 1 - 2 3 1 0 - 
   3504 0 2 1 3 - 3 0 2 1 - 1 3 0 2 - 2 1 3 0 - 
   3504 1 2 3 0 - 3 1 0 2 - 2 0 1 3 - 0 3 2 1 - 
   3504 2 0 1 3 - 3 2 0 1 - 1 3 2 0 - 0 1 3 2 - 
   3513 2 0 1 3 - 1 2 3 0 - 0 3 2 1 - 3 1 0 2 - 
   3514 0 1 3 2 - 3 0 2 1 - 2 3 1 0 - 1 2 0 3 - 
   3515 0 3 2 1 - 2 0 1 3 - 1 2 3 0 - 3 1 0 2 - 
   3515 1 0 2 3 - 2 1 3 0 - 0 3 1 2 - 3 2 0 1 - 
   3518 3 1 0 2 - 2 3 1 0 - 1 0 2 3 - 0 2 3 1 - 
   3519 0 2 3 1 - 3 0 1 2 - 2 1 0 3 - 1 3 2 0 - 
   3520 1 2 0 3 - 0 1 3 2 - 2 3 1 0 - 3 0 2 1 - 
   3521 0 2 3 1 - 1 0 2 3 - 3 1 0 2 - 2 3 1 0 - 
   3522 1 0 2 3 - 3 1 0 2 - 2 3 1 0 - 0 2 3 1 - 
   3523 1 2 3 0 - 0 1 2 3 - 3 0 1 2 - 2 3 0 1 - 
   3524 3 0 2 1 - 1 3 0 2 - 0 2 1 3 - 2 1 3 0 - 
   3528 1 2 3 0 - 3 1 0 2 - 0 3 2 1 - 2 0 1 3 - 
   3528 2 0 3 1 - 3 2 1 0 - 0 1 2 3 - 1 3 0 2 - 
   3538 0 1 2 3 - 3 0 1 2 - 2 3 0 1 - 1 2 3 0 - 
   3542 0 3 1 2 - 1 0 2 3 - 2 1 3 0 - 3 2 0 1 - 
   3542 2 0 3 1 - 3 2 1 0 - 1 3 0 2 - 0 1 2 3 - 
   3549 2 3 0 1 - 0 2 1 3 - 1 0 3 2 - 3 1 2 0 - 
   3550 1 3 0 2 - 2 1 3 0 - 0 2 1 3 - 3 0 2 1 - 
   3551 0 2 3 1 - 3 0 1 2 - 1 3 2 0 - 2 1 0 3 - 
   3556 3 2 1 0 - 1 3 0 2 - 0 1 2 3 - 2 0 3 1 - 
   3557 1 2 0 3 - 3 1 2 0 - 0 3 1 2 - 2 0 3 1 - 
   3558 0 1 3 2 - 2 0 1 3 - 3 2 0 1 - 1 3 2 0 - 
   3560 2 0 3 1 - 1 2 0 3 - 0 3 1 2 - 3 1 2 0 - 
   3570 2 0 3 1 - 1 2 0 3 - 3 1 2 0 - 0 3 1 2 - 
   3572 1 3 2 0 - 0 1 3 2 - 2 0 1 3 - 3 2 0 1 - 
   3577 3 2 0 1 - 0 3 1 2 - 1 0 2 3 - 2 1 3 0 - 
   3578 3 0 2 1 - 1 3 0 2 - 2 1 3 0 - 0 2 1 3 - 
   3579 1 3 2 0 - 0 1 3 2 - 3 2 0 1 - 2 0 1 3 - 
   3590 3 0 1 2 - 2 3 0 1 - 1 2 3 0 - 0 1 2 3 - 
   3594 2 1 3 0 - 0 2 1 3 - 1 3 0 2 - 3 0 2 1 - 
