   14    13    25    33    41    15    49     0    10     4     2    43    38     3    44    34    45     9    48    46     5    11    39    40    24     1    42    20    23    35    19    37     6    47    22     7    12    26     8    27    28    16    17    18    21    29    30    31    32    36 
   44    27    14    35    16    38    36     7    11     8    45    30    46    47    26    18    39    40    42    34    10    19    33    28    37    41    43    48    49    12     0    31     1     5    17     9     2     3    15     6    13    20     4    21    22    23    29    24    25    32 
   32    18    40    15    46    27     4    37    16    39    49     9    22    41    17    42    48    11    43    19    20     6    28    10    14    38    29    45    35    36    21    23     5     8    44     2    47     0     1     7    33     3    24    12    30    31    13    34    26    25 
   45    16    46    22    26     9    11     5     6    48    41    24    18    49    32     7     0    21    47    38    28    29    30    43    34     8    25    31    39    23    20    35    37    14    10    15    27    33    36    40    19    17    12    42    13    44     1     2     3     4 
   48    41    22    28    36     8    39    14    38    29    35     7    15    23    24    25    40    49    46    12    32    17    27    42     6    43    30     2     0    44    47     1    45    20    31    26    33    19    37    18     3    34     5    11     4     9    10    13    16    21 
    1    33     2    29    23    10    19     4    12    20    47    11    21    34    30     3    13    14    22    48    31    24    25     5    35    26     7    27    15     8     9    16    42    17    45    18    28    32    38    36    37    39    49    40     6    41    43    44    46     0 
   15    17     5    38    24    40    12    31    14    26    42    23    41    33    36    39    49    10     6    21    46    43    44    45     1    48    22    13    16    11     2    32    30     7    25     4     0    34    35    19    18    28    47     3    20    27     8    29    37     9 
   33    31    41    23    27    42    24    49     7    40    11     8    25    43    14    44     1    13    32    35    29    45    15    18    46    28    47    37    36    30    38    19    16    26    48     0    20    21     2    34    12     4    39     5     3     6     9    10    17    22 
   30    46     6    44    17     0    18    12    39     7    48    27    26    10     3    23     4    24    45    47     1     8    49    41    42     2     5    22    43    13    36    25     9    11    20    28    14    40    16    35    15    37    19    29    31    21    32    33    34    38 
   46    44     3    45    35    47    48    28    18    41    38     6    16     0    49    37    23     1    29    13    30    27     2     4     5     7    12     8     9    10    11    42    14    15    39    36    17    43    19    20    24    21    31    22    25    32    33    26    40    34 
   41     6    36    39     2    43    37    16    49    31    20     3    23    19     9    11     7    12     0    22    33    21    24    13    15    27    40    44     4    17     5    45    25    42    38    29    35    28    46    47     8    14    48    30     1    10    34    32    18    26 
   13    42    15    37     3    30    17    43    26    21    10    31    19    36    25     6    14    16    33     7    47    38    23    35    20    11    34    18     1    46     4    22    39    24     5    41    49    27    40    28    44     0     8    32    45    48     2     9    12    29 
    8    39    42    34    25    11    43    13    24    44     7    29    12    46    48    19    41     0    49    28    23    40    31    32     4    14    15    30    17     9    33    26    47    27    16    22    38     1    45    21     2     5     3    10    18    20    35    36     6    37 
   12    19    16    40     1    20     5    17    48    22    26    32    49    24     6     8     2    44     9    33    11     7    29     3    21    23     0     4    10    42    28    14    13    43    15    25    18    30    34    31    38    27    45    36    35    37    46    39    41    47 
   17     7    12    46    11    34    15    10    37    23     3    18    35    16    13    43    32    27    14    20    40    47    26    38    36    19    41    33    44    39    42    21    48    49     8    24    45    25    22    29     0    30     1    31     2     4    28     5     9     6 
   38    23    34    14    10    21    27     1     2    24    39    40    36    35    41    45    44    26    20    15     3    16    37    46    47    25    48    28     5    32    12    43     7     0    49    17    19    29    30    22     4     8     9     6    11    13    31    42    33    18 
    4    29    17    41    28    16    13    25    40    10     8     0    44    14    46    47    31    15    23     1    34    26     9    39    11     6    38    42    48    18    45     2    49    12    43    20    30    22     3    24    21     7    27    19    32    33    36    37    35     5 
   49    11    10     9     0    22    20    41    15    16    12    13    24     2    27    14    25     5    26    23    35    44    32    48     8    42    17    21    45    47     7    46    18    19     3    30    43    31     4    33    36    29    28    34    37     1    38     6    39    40 
    7    30    37    36    29    45    26    42    17    25    40    28    13    48    47    16     5    39    38     6    49    31    18    20    41    32    19     9    14    21     1    24     0    44    11    27    34    35    23     2    10    12    33    43     8    46     3    22     4    15 
   18    15     4    32    37    39    14     3    44    27    24    45    48    25    33     9     6    17     1    26    16    49    35    47    19    46    23    10     7    40    41    28     8     2    12    43    31    36     0    30     5    38    29    13    34    11    20    21    22    42 
   29    43    45    16    39    17    21    15    25    18     4    14    47    12     7     2     8    37    24     9    19    22    34    44    23    35    49    26    41    27    30    33    20    28    40     5    36     6    31    13    32    42    38    46    48     0    11     1    10     3 
    5    40    18    42    34    41    25    35    13    17     9    36    39    27     8    29    33    45    37     4     7     3    38    49    22    20    21    43    19    48    44    30    46     6    14    23     1    47    10    11    16    24    32     0    12     2    26    15    28    31 
   35     2     7    17    40    25    33     9    19    49     5     1    20    42    10    30    15     3    16    24     6    18    41     0    12    37     4    29    21    43    31     8    11    36    23    38    13    14    47    32    22    26    34    27    44    45    39    28    48    46 
   31    47    43    24    48    49    16    44    27    30    46     5    40    37    42    12    26     4    21    25    36    28    45    17     7    22     8    19    32     0     3    13     2    33    41     1    39     9     6    10    34    35    14    20    23    15    18    38    29    11 
   16    45    31    43    13    44    22    21     8    46    23    48    11    26    34    49    17    18     2    10    24    32    40     1     9     5     3    36    47     6    14    15     4    25     7    12    29    37    39    38    20    19    30    33    41    28    42    27     0    35 
    9    48    13    49    31    18     6    26    20     5    32    47    27    38    21    28     3    33     4    36     2    23    46    19     0    29    24    34    37    41    15    40    35    30    42    10     7     8    43    12    11    22    16    25    14    39    17    45    44     1 
   36     8    24    47    30    26    23     2     9    45    37    20    42    17     0    31    27    46    28    14     4    33    43     6    10    39    32    11     3    34    16    29    41    48    13    19    21    38    25    44    35    15     7    49    40     5    22    18     1    12 
   19    49    48     2     4     6    44    32    21    35    15    37    17     7    29    33    28     8    10     0    38    30     1    27    39    31    36    40    34    26    46    47    43    45     9    42     3     5    18    23    41    11    13    14    16    22    12    25    20    24 
   20    21    19    18    45     7    46    24    35    28     6    33    29    31    22    17    16    23    11    32    42    48    36     2    43     9    39    25    26    37    10    41     3    34    27    44    40     4    49     0    30    47    15     1     5    38    14    12     8    13 
    3     0    20    21    42    12    28    33    30     6    13    39    45    11    18     4     9     2    15    27    22    37    47    23    32    10    44    46    24    38    25    34    29    41     1    31     5    48     7    43    40    36    26    35    49     8    16    14    19    17 
   21    20    32    12    38    19    29    30    22    42    18    41    28     1    31    24    34    35     3    37    13    36    48     7    16    33    45    47    25    49    43    39    40    46     0     6    44    10     9     8    14     2    11    23    26    17     5     4    15    27 
   22    14    33    19    49    46    42    34    41     9    16    35    37     4    11    32    24     6    44    30    12     0    10     8    25    36    26    17    31    28    18     5    15     1    21    45    48    20    27    39    23    40    43    38    29    47     7     3    13     2 
   34     1    35    48     5     4    30    27    28    11    14    42    31     6    39    36    43    38     7    16    21    25     0     9    40    18    33    32    20    15    22     3    12    10    46    37     8    23    44    41    29    13     2    47    17    26    45    49    24    19 
    6    22    11     0    14    48    31    45    32    38    17     2    43    18     5    35    36    19     8    29     9    39    42    21    44    24    37    23    27     1    13    20    10    16    26    33    25    46    12     3    47    41    40    28    15    34     4    30    49     7 
    0    24     8    25    43     1     2    29    23    19    21    17     3    22    37    13    46     7     5    11    14    41     4    12    18    30    10    35     6    31    39    48    26     9    28    34    42    44    20    49    45    32    36    15    27    16    47    40    38    33 
   10    12    39     1    15     2    32    36    29    33    19    16    14     8    20    38    47    48    13    17     0     9     3    22    45    44    27    41    42     4    40     6    21    31    34    11    37    24     5    25    43    49    35    26     7    18    23    46    30    28 
   23    34     9    10     6     3     7    38    42    47    22    44     4    13    12     1    29    20    25    18     8    14    11    31    17    21    28    49    30     5    48     0    19    32    24    46    15    16    33    45    26    43    37    39    36    40    27    35     2    41 
   42    32    47     3    18     5    34    39     0     1    36    46     2    28     4    41    30    22    12     8    48    10     6    24    26    13     9    38    33    29    23    27    17    21    35    40    11     7    14    37    49    44    25    45    43    19    15    16    31    20 
    2    35    44     4     7    23     1     8     3    34    43    38     9     5    15    40    37    25    39    31    17    42    12    26    27    49    46    14    11    33     6    10    22    13    18    21    32    41    29    16    48    45     0    24    28    36    19    20    47    30 
   24    25    21     5    44    13    47    40     1     0    27    49     6    29    35    10    11    41    17    39    15    46     7    14    48     3     2    12     8    16    26     9    34    18    19    32    22    45    28    42    31    33    20     4    38    30    37    43    36    23 
   11    26    23     6    19    14     0    18    31    43    25    34     1    21    45    15    35    47    27    40    37    20    22    16    28    12    13    24    46     7    29     4    36    38    30    49    41     2    32     5     9    10    44     8    33     3    48    17    42    39 
   25    28    30     7    32    24     3    11    33     2    29     4     0    44    38    48    42    31    18    49    26     1     8    15    13    45    14     5    12    20    34    36    23    37    47    35    46    39    41     9    27     6    22    17    10    43    40    19    21    16 
   39     3    26     8    47    28    38     6    43    12    44    10    30    45    40    27    18    29    19    41    25    13    20    33    31    34     1     0    22     2    49     7    32    23    36    48    16    15    42     4    17    46    21    37     9    35    24    11     5    14 
   26    36    27    30     8    29    40    19    34     3     0    12     5    20    43    46    10    42    31    44    39     2    13    37    33     4    16     1    38    22    17    49    28    35    32    14     6    11    21    15     7    48    18     9    24    25    41    47    23    45 
   37    38    49    20     9    31    35    22    36    13    33    19     7    30    23     5    12    28    34    42    18    15    14    11     2    40     6    39    29    25    32    44    27     3     4    47    10    17    26    48    46     1    41    16     0    24    21     8    45    43 
   40    37    28    11    21    32     8    20     4    14     1    15    33    39     2    26    22    30    41    43    27    34     5    36    38    47    18     3    13    45    35    12    44    29     6    16     9    42    24    17    25    31    46    48    19    49     0    23     7    10 
   27     4     0    13    33    35    41    46    45    15    28    21     8     9    19    20    38    32    36     3    43     5    16    34    30    17    11     6    40    24    37    18    31    22    29    39    23    12    48    26     1    25    10     2    47    42    44     7    14    49 
   28     5    29    26    22    33    45    47    46    32    34    25    10    40    16     0    20    36    35     2    41    12    21    30    49    15    31     7    18    19    27    11    38     4    37     3    24    13    17     1    39     9    23    44    42    14     6    48    43     8 
   43     9     1    31    20    36    10    48    47    37    30    22    32    15    28    21    19    34    40     5    45     4    17    25    29     0    35    16     2     3     8    38    24    39    33    13    26    18    11    14    42    23     6     7    46    12    49    41    27    44 
   47    10    38    27    12    37     9    23     5    36    31    26    34    32     1    22    21    43    30    45    44    35    19    29     3    16    20    15    28    14    24    17    33    40     2     8     4    49    13    46     6    18    42    41    39     7    25     0    11    48 
